          1           2           3           4           5           6           7 
 -39.820742   -2.681407   55.327898  163.882336  238.837293  343.838929  462.480709 
          8           9          10          11          12          13          14 
 594.655384  664.391853  749.300156  804.470021  806.759384  929.826082 1090.429196 
         15          16          17          18          19          20          21 
1193.618754 1130.947899 1171.268561 1363.496934 1512.658399 1631.818009 1652.227294 
         22          23          24          25          26          27          28 
1596.076035 1631.452176 1634.257415 1872.850753 2138.707666 2331.201153 2519.838207 
         29          30          31          32          33          34          35 
2689.646512 2860.689479 3002.161062 3086.337886 3112.552592 3334.171796 3477.194364 
         36          37          38          39          40          41          42 
3668.465509 3761.297152 3966.521294 4223.072963 4483.856304 4750.426028 4986.090756 
         43 
5142.599957 
